0.49823400378227234,0.3291899859905243,-0.2890070080757141,-1.468999981880188,-0.08399999886751175,-2.0980000495910645
0.49822598695755005,0.3292030096054077,-0.289016991853714,-1.468999981880188,-0.08399999886751175,-2.0980000495910645
0.49822700023651123,0.3291899859905243,-0.28901898860931396,-1.468999981880188,-0.08399999886751175,-2.0980000495910645
0.4929180145263672,0.3638800084590912,-0.21939100325107574,-1.5160000324249268,0.2619999945163727,-2.2139999866485596
0.5013399720191956,0.41492700576782227,-0.151868999004364,-1.1330000162124634,0.006000000052154064,-1.9539999961853027
0.4420669972896576,0.421409010887146,-0.18337400257587433,-0.8889999985694885,-0.2639999985694885,-1.8559999465942383
0.4350219964981079,0.31240999698638916,-0.15668800473213196,-0.4090000092983246,-0.5569999814033508,-2.117000102996826
0.5008410215377808,0.10424099862575531,-0.17598100006580353,-0.3490000069141388,-0.9190000295639038,-2.552999973297119
0.4595769941806793,0.030135000124573708,-0.13307300209999084,-0.4020000100135803,-0.6650000214576721,-2.7219998836517334
0.46793198585510254,0.03874799981713295,-0.14615899324417114,-0.7260000109672546,-0.4129999876022339,-2.1070001125335693
0.39947301149368286,0.0891219973564148,-0.12068700045347214,-0.4560000002384186,-0.42800000309944153,-2.0959999561309814
0.5966259837150574,0.09570900350809097,-0.2026280015707016,-1.0800000429153442,-0.9100000262260437,-1.840999960899353
0.5010849833488464,0.13397400081157684,-0.22574099898338318,-1.1019999980926514,-0.4950000047683716,-2.5280001163482666
0.45458000898361206,0.2228270024061203,-0.21840900182724,-1.128999948501587,-0.257999986410141,-2.4210000038146973
0.43014299869537354,0.20496100187301636,-0.18109500408172607,-0.8519999980926514,0.08699999749660492,-2.1010000705718994
0.5062670111656189,0.21229399740695953,-0.23892000317573547,-0.9449999928474426,-0.6100000143051147,-2.140000104904175
0.4981429874897003,-0.005553000140935183,-0.13585899770259857,0.06599999964237213,-1.0199999809265137,3.0859999656677246
0.5334920287132263,0.096670001745224,-0.07880900055170059,0.5609999895095825,-0.9190000295639038,2.9549999237060547
0.5795930027961731,0.30278998613357544,-0.15259699523448944,-0.7440000176429749,-1.0889999866485596,-1.6160000562667847
0.4898189902305603,0.30741000175476074,-0.12796999514102936,-0.6200000047683716,-0.6919999718666077,-1.5720000267028809
0.5348799824714661,0.14063699543476105,-0.2033649981021881,-1.1059999465942383,-0.10899999737739563,-1.7139999866485596
0.551360011100769,0.12737999856472015,-0.2732659876346588,-1.3550000190734863,-0.18199999630451202,-1.7259999513626099
0.5121830105781555,0.3378559947013855,-0.23222599923610687,-1.2450000047683716,-0.3400000035762787,-1.934999942779541
0.5175520181655884,0.18804100155830383,-0.23767900466918945,-1.1820000410079956,-0.4650000035762787,-2.190000057220459
0.5034809708595276,0.11054699867963791,-0.21859300136566162,-1.1749999523162842,-0.2919999957084656,-2.4210000038146973
0.5424280166625977,0.2762199938297272,-0.1159610003232956,-1.5800000429153442,0.5519999861717224,-2.4809999465942383
0.5409179925918579,0.2765890061855316,-0.12076999992132187,-1.5959999561309814,-0.1860000044107437,-2.4749999046325684
0.5432440042495728,0.3004379868507385,-0.10639700293540955,-1.5479999780654907,-0.6880000233650208,-2.440000057220459
0.572488009929657,0.3878369927406311,-0.23479600250720978,-2.0889999866485596,-0.5230000019073486,-1.8450000286102295
0.46233999729156494,0.4361160099506378,-0.13374799489974976,-1.7359999418258667,0.16099999845027924,-2.312000036239624
0.3512899875640869,0.3868350088596344,-0.09364800155162811,-1.590999960899353,0.3319999873638153,-2.6470000743865967
0.40929698944091797,0.27970999479293823,-0.10269299894571304,-1.5479999780654907,0.32499998807907104,-2.819999933242798
0.4317130148410797,0.2902640104293823,-0.1132420003414154,-1.5859999656677246,-0.1679999977350235,-2.736999988555908
0.4928869903087616,0.3067089915275574,-0.09816200286149979,-1.503999948501587,0.8920000195503235,-2.489000082015991
0.457832008600235,0.3493080139160156,-0.16536399722099304,-1.8799999952316284,0.8090000152587891,-2.75600004196167
0.5814909934997559,0.21109899878501892,-0.1495629996061325,-1.6579999923706055,-0.2639999985694885,-2.441999912261963
0.6575930118560791,0.34561899304389954,-0.1453939974308014,-1.6510000228881836,-0.2939999997615814,-1.9450000524520874
0.6305969953536987,0.15657299757003784,-0.10297500342130661,-1.1269999742507935,-0.4569999873638153,-2.122999906539917
0.6003950238227844,0.18101300299167633,-0.16935600340366364,-1.319000005722046,-0.061000000685453415,-1.8559999465942383
0.5223870277404785,0.1675799936056137,-0.19211900234222412,-1.2660000324249268,-0.7960000038146973,-2.252000093460083
0.39736300706863403,0.24862399697303772,-0.18104100227355957,-1.3730000257492065,-0.7400000095367432,-2.5269999504089355
0.4183650016784668,0.2347400039434433,-0.13606899976730347,-1.3389999866485596,-0.17299999296665192,-2.6040000915527344
0.44685399532318115,0.29137200117111206,-0.144554004073143,-1.3739999532699585,0.824999988079071,-2.3389999866485596
0.4542360007762909,0.3125019967556,0.022249000146985054,2.9260001182556152,0.44699999690055847,3.059000015258789
0.4545379877090454,0.3066810071468353,0.05138099938631058,2.9690001010894775,0.40700000524520874,3.0399999618530273
0.5490139722824097,0.27576300501823425,0.04742100089788437,3.066999912261963,0.6660000085830688,2.992000102996826
0.4271549880504608,0.40879398584365845,0.0191040001809597,2.7009999752044678,0.23399999737739563,-3.125
0.5022209882736206,0.09050899744033813,-0.16604700684547424,-1.5019999742507935,-0.7049999833106995,-2.2070000171661377
0.6475719809532166,0.31121501326560974,-0.2197760045528412,-1.6119999885559082,-0.2199999988079071,-1.6299999952316284
0.618287980556488,0.3331570029258728,-0.2077219933271408,-1.6080000400543213,0.5370000004768372,-2.052999973297119
0.5076389908790588,0.29099801182746887,-0.17262299358844757,-1.5470000505447388,0.6330000162124634,-2.4590001106262207
0.47624799609184265,0.22263100743293762,-0.16407300531864166,-1.4700000286102295,-0.1889999955892563,-2.694999933242798
